    OCR_14x14
       a        b   E   k Ete  Ete (%)    Ite (%)
-------- -------- --- --- --- -------- ----------
     0.1      0.1   0  16  20      6.7 [3.8, 9.5]
     0.1      1.0   0  10  19      6.3 [3.6, 9.1]
     0.1     10.0   0  22  16      5.3 [2.8, 7.9]
     0.1    100.0   0 125  13      4.3 [2.0, 6.6] <--
     0.1   1000.0 165 200  10      3.3 [1.3, 5.4]
     0.1  10000.0 544 200  29      9.7 [6.3, 13.0]

       a        b   E   k Ete  Ete (%)    Ite (%)
-------- -------- --- --- --- -------- ----------
     1.0      0.1   0  13  17      5.7 [3.1, 8.3]
     1.0      1.0   0  16  20      6.7 [3.8, 9.5]
     1.0     10.0   0  10  19      6.3 [3.6, 9.1]
     1.0    100.0   0  22  16      5.3 [2.8, 7.9]
     1.0   1000.0   0 125  13      4.3 [2.0, 6.6] <--
     1.0  10000.0 165 200  10      3.3 [1.3, 5.4]

       a        b   E   k Ete  Ete (%)    Ite (%)
-------- -------- --- --- --- -------- ----------
    10.0      0.1   0   8  15      5.0 [2.5, 7.5]
    10.0      1.0   0  13  17      5.7 [3.1, 8.3]
    10.0     10.0   0  16  20      6.7 [3.8, 9.5]
    10.0    100.0   0  10  19      6.3 [3.6, 9.1]
    10.0   1000.0   0  22  16      5.3 [2.8, 7.9]
    10.0  10000.0   0 125  13      4.3 [2.0, 6.6] <--

    expressions

       a        b   E   k Ete  Ete (%)    Ite (%)
-------- -------- --- --- --- -------- ----------
     0.0      0.1   0  63   3      4.5 [0.0, 9.4]
     0.0      1.0   0  63   3      4.5 [0.0, 9.4]
     0.0     10.0   0  63   3      4.5 [0.0, 9.4]
     0.0    100.0   0  57   2      3.0 [0.0, 7.1] <--
     0.0   1000.0   0  95   3      4.5 [0.0, 9.4]
     0.0  10000.0   0  60   3      4.5 [0.0, 9.4]

       a        b   E   k Ete  Ete (%)    Ite (%)
-------- -------- --- --- --- -------- ----------
     0.1      0.1   0  63   3      4.5 [0.0, 9.4]
     0.1      1.0   0  63   3      4.5 [0.0, 9.4]
     0.1     10.0   0  63   3      4.5 [0.0, 9.4]
     0.1    100.0   0  63   3      4.5 [0.0, 9.4]
     0.1   1000.0   0  57   2      3.0 [0.0, 7.1] <--
     0.1  10000.0   0  95   3      4.5 [0.0, 9.4]

       a        b   E   k Ete  Ete (%)    Ite (%)
-------- -------- --- --- --- -------- ----------
     1.0      0.1   0  63   3      4.5 [0.0, 9.4]
     1.0      1.0   0  63   3      4.5 [0.0, 9.4]
     1.0     10.0   0  63   3      4.5 [0.0, 9.4]
     1.0    100.0   0  63   3      4.5 [0.0, 9.4]
     1.0   1000.0   0  63   3      4.5 [0.0, 9.4]
     1.0  10000.0   0  57   2      3.0 [0.0, 7.1] <--

    gauss2D
       a        b   E   k Ete  Ete (%)    Ite (%)
-------- -------- --- --- --- -------- ----------
     0.1      0.1 606 200 157      13.1 [11.2, 15.0]
     0.1      1.0 737 200 111      9.2 [7.6, 10.9]
     0.1     10.0 860 200 110      9.2 [7.5, 10.8]
     0.1    100.0 878 200 108      9.0 [7.4, 10.6] <--
     0.1   1000.0 903 200 111      9.2 [7.6, 10.9]
     0.1  10000.0 1248 200 138      11.5 [9.7, 13.3]

       a        b   E   k Ete  Ete (%)    Ite (%)
-------- -------- --- --- --- -------- ----------
     1.0      0.1 547 200 140      11.7 [9.9, 13.5]
     1.0      1.0 606 200 157      13.1 [11.2, 15.0]
     1.0     10.0 737 200 111      9.2 [7.6, 10.9]
     1.0    100.0 860 200 110      9.2 [7.5, 10.8]
     1.0   1000.0 878 200 108      9.0 [7.4, 10.6] <--
     1.0  10000.0 903 200 111      9.2 [7.6, 10.9]

       a        b   E   k Ete  Ete (%)    Ite (%)
-------- -------- --- --- --- -------- ----------
    10.0      0.1 536 200 160      13.3 [11.4, 15.3]
    10.0      1.0 547 200 140      11.7 [9.9, 13.5]
    10.0     10.0 606 200 157      13.1 [11.2, 15.0]
    10.0    100.0 737 200 111      9.2 [7.6, 10.9]
    10.0   1000.0 860 200 110      9.2 [7.5, 10.8]
    10.0  10000.0 878 200 108      9.0 [7.4, 10.6] <--

    gender
       a        b   E   k Ete  Ete (%)    Ite (%)
-------- -------- --- --- --- -------- ----------
     0.1      0.1   0  76  57      6.7 [5.0, 8.4]
     0.1      1.0   0  76  57      6.7 [5.0, 8.4]
     0.1     10.0   0  76  57      6.7 [5.0, 8.4]
     0.1    100.0   0  94  52      6.1 [4.5, 7.7] <--
     0.1   1000.0   0  82  58      6.8 [5.1, 8.5]
     0.1  10000.0   0  65  58      6.8 [5.1, 8.5]

       a        b   E   k Ete  Ete (%)    Ite (%)
-------- -------- --- --- --- -------- ----------
     1.0      0.1   0  76  57      6.7 [5.0, 8.4]
     1.0      1.0   0  76  57      6.7 [5.0, 8.4]
     1.0     10.0   0  76  57      6.7 [5.0, 8.4]
     1.0    100.0   0  76  57      6.7 [5.0, 8.4]
     1.0   1000.0   0  94  52      6.1 [4.5, 7.7] <--
     1.0  10000.0   0  82  58      6.8 [5.1, 8.5]

       a        b   E   k Ete  Ete (%)    Ite (%)
-------- -------- --- --- --- -------- ----------
    10.0      0.1   0  76  57      6.7 [5.0, 8.4]
    10.0      1.0   0  76  57      6.7 [5.0, 8.4]
    10.0     10.0   0  76  57      6.7 [5.0, 8.4]
    10.0    100.0   0  76  57      6.7 [5.0, 8.4]
    10.0   1000.0   0  76  57      6.7 [5.0, 8.4]
    10.0  10000.0   0  94  52      6.1 [4.5, 7.7] <--

    videos
       a        b   E   k Ete  Ete (%)    Ite (%)
-------- -------- --- --- --- -------- ----------
    10.0      0.1 1012 200 447      18.7 [17.1, 20.2] <--
    10.0      1.0 1102 200 456      19.0 [17.5, 20.6]
    10.0     10.0 1652 200 469      19.6 [18.0, 21.2]
    10.0    100.0 2772 200 458      19.1 [17.5, 20.7]
    10.0   1000.0 4366 200 614      25.6 [23.9, 27.4]
    10.0  10000.0 5538 200 1214      50.7 [48.7, 52.7]